[process]
is_prerun= .false.
is_postprocess= .false.

[decomposition]
nxdomain= 1
p_row= 0
p_col= 0

[domain]
icase= 1
lxx= 6.283186
lyt= 1.0
lyb= -1.0
lzz= 3.141593

[flow]
initfl= 5
irestartfrom= 0
veloinit= 0.0,0.0,0.0
noiselevel= 0.25
reni= 20000
nreni= 10000
ren= 2800

[thermo]
ithermo= .true.
icht= .false.
igravity= 1
ifluid= 1
ref_l0= 0.001
ref_t0= 645.15
inittm= 4
irestartfrom= 0
tini= 645.15
inout_buffer= 0.0,0.0
qw_ramp= .false.,0,0

[mesh]
ncx= 64
ncy= 64
ncz= 64
istret= 2
rstret= 1,0.12

[bc]
ifbcx_u= 1,1,0.0,0.0
ifbcx_v= 1,1,0.0,0.0
ifbcx_w= 1,1,0.0,0.0
ifbcx_p= 1,1,0.0,0.0
ifbcx_t= 1,1,0.0,0.0
ifbcy_u= 4,4,0.0,0.0
ifbcy_v= 4,4,0.0,0.0
ifbcy_w= 4,4,0.0,0.0
ifbcy_p= 5,5,0.0,0.0
ifbcy_t= 4,4,645.15,650.15
ifbcz_u= 1,1,0.0,0.0
ifbcz_v= 1,1,0.0,0.0
ifbcz_w= 1,1,0.0,0.0
ifbcz_p= 1,1,0.0,0.0
ifbcz_t= 1,1,0.0,0.0
idriven= 1
drivenfc= 0.0

[scheme]
dt= 1e-05
itimescheme= 3
iaccuracy= 1
iviscous= 1
out_sponge_l_re= 0.0,0.0

[simcontrol]
niterflowfirst= 1
niterflowlast= 1000000
niterthermofirst= 1
niterthermolast= 1000000

[io]
cpu_nfre= 1
ckpt_nfre= 1000
visu_idim= 0
visu_nfre= 500
visu_nskip= 1,1,1
stat_istart= 1000
stat_level= 3
stat_nskip= 1,1,1
is_wrt_read_bc= .false.,.false.
wrt_read_nfre= 0,0,0
io_mode= 0

[probe]
npp= 5
pt1= 3.141593,-0.6666666666666667,1.5707965
pt2= 3.141593,-0.33333333333333337,1.5707965
pt3= 3.141593,0.0,1.5707965
pt4= 3.141593,0.33333333333333326,1.5707965
pt5= 3.141593,0.6666666666666667,1.5707965

